       0/9        0G   0.09959    0.0393   0.02782    0.1667        21       640         0         0   0.00131 0.0002368   0.09267    0.0388   0.02467
       1/9        0G   0.09709   0.04033   0.02571    0.1631        11       640   0.01209   0.05763   0.00677  0.001117   0.09349   0.03887   0.02347
       2/9        0G   0.09502   0.04239   0.02409    0.1615        27       640  0.009867   0.01446  0.003562 0.0006132   0.08945     0.039   0.02178
       3/9        0G   0.09179   0.04357   0.02378    0.1591        10       640    0.0263   0.01928   0.01552  0.003367   0.08011   0.04031   0.02025
       4/9        0G   0.08771    0.0404   0.02176    0.1499         6       640   0.06216    0.0957   0.02116  0.004653   0.07662   0.03922   0.01862
       5/9        0G   0.08374    0.0388    0.0211    0.1436        16       640   0.05256    0.1125   0.03774  0.008727   0.07497   0.03872   0.01667
       6/9        0G   0.08134   0.03777    0.0198    0.1389        19       640   0.07197    0.1772   0.06484   0.01725   0.07121    0.0385   0.01556
       7/9        0G   0.07972   0.04087   0.01803    0.1386        20       640   0.09515    0.1975   0.08469    0.0232   0.06936   0.03917   0.01317
       8/9        0G   0.07918   0.03968   0.01766    0.1365         9       640    0.1229    0.1759   0.09401   0.02851   0.06775   0.03799   0.01228
       9/9        0G   0.07515   0.03982   0.01512    0.1301        19       640    0.1163    0.2491    0.1223   0.03414   0.06721   0.03737   0.01167
